62352
53388
18042
38012
48742
13813
64211
27895
57567
21397
33827
3177
43257
14384
58775
14674
57507
54164
16378
19100
41152
62074
37267
27552
40822
6432
48301
51910
42208
45256
1731
63376
48129
5349
17301
41427
57273
7540
27076
35384
31488
59631
13089
46964
8594
28490
37613
44225
2462
6046
1651
48830
29487
25521
13196
30970
34718
26881
5587
53945
42463
22423
20579
30435
14265
16705
58834
26564
30832
53195
9916
27672
5533
10230
6131
47118
13388
19803
3877
13889
8678
30429
18974
31557
40382
54962
32260
62693
8618
37212
21439
56307
43737
991
48499
53102
51607
28931
5501
49212
