-50.80366513955
-245.98748384669
95.79379125092
-179.94154581804
-967.12620748190
428.45445538751
-646.66466468110
467.17098673852
-5.14071557758
43.91398998258
-279.95419733606
-1389.97849606341
802.50368145832
-2173.19553087444
2271.30375646477
48.83617790234
355.04466476140
-2326.63656615769
-0.00524774420
-1534.58653876109
-366.22826829015
1846.53746126015
1043.40035037011
-1898.73158517593
693.48839065226
-2102.54968057486
-81.84449373723
-1194.30376723803
-113.57010765521
-2420.84166377855
-3362.19099598810
1252.78982229458
-1468.65496293654
1084.72072550691
-1522.99923201580
-1271.69852679585
-4206.15406138425
-1182.54006398327
2496.34907249701
-1594.25936577100
-474.92420256677
-732.09103850832
-4151.55437502540
1387.79239419903
-3009.56881754869
1927.65112462432
-2116.68821767525
1488.20004075494
-2924.49689540678
197.41745240063
1901.44915803211
-3695.90232871778
-2203.97583203663
-467.68072682299
1340.13445117177
-2085.28566079192
888.79095869967
280.85600082426
2618.53700884142
-3935.41948610206
4310.32945371769
-1130.04761274477
2949.06174419697
-1137.03358831453
2061.17450911961
3567.83564478776
-1363.28531624199
7677.32823813277
-1352.54567727609
2810.53388869080
3226.38377288434
5936.63324800705
1924.17848231856
-554.50030796270
1883.11692702982
-846.70252774609
225.45342911570
7472.56127971829
-1708.68899144173
3305.26585906751
-556.80921022531
8775.99860510383
790.09235818266
4091.78989814225
1485.53701725625
1475.25478687137
6123.37986121822
3854.19398113938
537.85244297950
3829.97465980673
3610.98940193155
807.38112481415
1528.76760444731
4745.74324636595
1296.97552634717
-1974.85710081938
8761.90628568960
-672.47558750489
-1292.86842789621
-2991.74259642726
