53849
56239
22012
55711
58254
24241
57613
24396
50468
20861
56415
58733
25157
59454
26735
21018
23948
59531
40288
58878
56760
26422
25619
59762
24778
58966
58770
25061
59311
58070
60416
26784
59734
26229
56021
59433
60416
59533
25916
59477
25628
58472
60004
59131
26245
60368
26370
59543
24800
59484
56415
24874
60416
58429
26610
57885
57089
21402
26437
58795
26156
26430
58854
27648
60416
27648
23881
27180
26588
26853
25672
27648
27145
26777
59088
26939
59269
26922
27648
57926
27040
25743
29184
25477
27648
25739
26051
27648
27527
24627
27514
27405
25166
26104
27648
25872
59318
28672
57664
58636
